000,6,0,BINOY B. BINOY 
001,2000.00
002,2000
003,0
004,0
005,0
006,0
007,0
008,2000,90.11,0,1909.89,2060288498,1324,PM-S0002,HF-P0206,23352,90.11
009,1909.89,190.23,0,1719.66,1160589081,1428,PM-S0001,SM-P0116,23371,1909.89
010,1719.66,501.55,0,1218.11,2060288498,1324,PM-S0002,HF-P0206,23352,501.55
011,1218.11,418.30,0,799.81,1160589081,1428,PM-S0001,SM-P0116,23371,418.30
012,799.81,52.11,0,747.7,1160589081,1428,PM-S0001,SM-P0116,23371,52.11
013,747.7,500,0,247.7,1160589081,1428,PM-S0001,SM-P0116,23371,500
014,247.7,247.7,0,0,1160589081,1428,PM-S0001,SM-P0116,23371,247.7